6.1941E-11 0.95 0.5 
-1.71056
0.502886
0.364385
0.00838203
-0.0777065
0.399018
-0.454896
0.55772
0.184522
0.716544
0.358193
0.66831
-0.996173
0.222656
-0.188841
-0.57136
0.597916
0.0151087
-0.986272
-1.4643
-0.875539
-0.00100253
0.424695
-0.599184
-0.432695
-0.0539086
0.630596
-0.0987185
0.0864809
1.78554
2.06586
2.91297
6.8606
14.1328
25.1773
50.7444
100.346
*****
-0.774306
-0.263437
0.597749
-1.06485
-1.43267
1.09897
0.38773
-0.896486
-0.14691
-0.216071
-1.18854
-0.143156
-0.168794
-0.217572
-0.087814
-1.22667
-0.116481
0.747291
1.02316
0.261826
0.569734
0.337252
1.48396
-0.256286
0.972763
-0.276659
1.09004
0.0933451
0.181251
0.168536
-0.0557269
1.11522
3.53437
7.49592
12.4087
27.2146
52.2693
*****
-0.622258
-0.325395
-0.895395
-1.06335
-0.263002
-0.128742
-0.45117
0.942124
-0.730731
-0.242742
-0.669968
0.701269
-0.685511
-0.174115
0.283004
0.33062
-0.159444
0.0688227
-0.0235154
0.846992
0.731506
-0.223209
0.0735818
0.237639
-0.998946
0.153845
-0.707285
0.0787679
-0.194951
-0.339431
0.269324
0.868655
0.459527
2.75924
6.69748
12.9323
25.4042
*****
0.0333417
-0.44079
-0.168084
0.688059
-0.343467
-0.876425
0.511085
-0.137463
-0.966357
-0.190842
-0.621922
-1.13468
-1.2159
0.329247
0.273389
-0.629275
0.59143
0.0680292
0.0499677
0.146677
0.430495
0.703639
-0.20238
0.753882
-0.0870827
-0.249206
-0.029598
-0.195563
0.327233
-0.0316349
0.0581256
0.579514
1.4991
1.74506
1.8467
7.21892
12.1871
*****
