3
35
-2.9843912
-3.500936
-3.0409336
-3.1643357
-2.7622252
-2.7776258
-2.375027
-2.4586647
-1.8583272
-1.587549
-1.2040541
-1.0458095
-1.2144692
-0.824642
-0.41247588
-0.48210606
-0.45844397
-0.21189678
0.034055337
0.041924562
-0.02901786
-0.15696712
-0.052326653
0.28021908
-0.11332465
0.061460465
0.5802092
0.3371324
0.7466435
2.1853447
4.4825053
9.235721
17.086393
32.21566
55.45563
34
-2.8962166
-2.7421963
-2.4603531
-2.3794072
-1.900863
-2.0124218
-1.6176637
-1.1940054
-0.6097941
-0.5461821
-0.35116145
-0.19422674
-0.2014003
-0.011537115
-0.22836643
0.078455366
0.23406257
-0.12510073
-0.036265995
0.082949
-0.017181106
-0.043595996
-0.3645513
-0.3408563
-0.42339304
-0.31113607
-0.04873259
-0.0031107406
0.7425233
2.39044
5.327862
10.954203
21.730095
41.20742
35
-4.307354
-4.493875
-3.7480996
-3.9343765
-3.292086
-3.2472684
-3.2529576
-2.284373
-1.9381794
-1.7276973
-1.442676
-1.1827706
-0.6025375
-0.16653052
-0.009011674
-0.097647615
-0.26279113
-0.34315678
-0.0464015
0.2847471
-0.025049722
0.0069198073
0.21064226
0.14739695
0.3618616
0.8538989
1.1886791
1.04119
1.0681089
3.0556448
4.6369004
8.896668
16.931461
31.035208
52.972206
