1.176516
0.852489
0.019611
-0.181795
0.933516
-1.064236
1.304809
0.431707
1.676398
0.838043
1.563599
-2.330456
0.521110
-0.441458
-1.336136
1.399807
0.036959
-2.304742
-3.421392
-2.041279
0.008904
1.011096
-1.375388
-0.974264
-0.075471
1.532972
-0.190237
0.156437
3.869147
3.850364
4.231946
9.849757
18.940615
27.814744
51.902416
*
1.164103
-0.616317
-0.575305
-1.652884
-1.570154
-0.780417
-2.690149
-1.239311
-0.435915
0.549151
0.183888
0.616883
0.939546
-0.337706
0.173438
-0.822594
-0.374334
-0.210091
-0.015899
-1.394263
0.750140
3.001675
0.065248
-0.523200
-2.903558
-2.073858
0.723328
4.582634
1.575508
4.346495
8.349694
11.782820
20.995436
37.235542
*
0.081596
1.180650
-1.455790
-2.094801
1.428769
2.014929
1.301266
-1.011240
1.186457
2.293560
-0.151127
-2.085056
2.988748
-0.286194
1.603824
-2.170162
-2.261377
-2.036753
-2.633470
-2.325490
1.318407
-0.070807
3.919884
-0.105647
-1.965103
-0.147194
2.464503
1.464978
2.534372
4.078691
7.900948
8.577278
15.175932
30.483236
55.330556
*
